[header_fundacion_mi_casa.jpg]
text=1;148;18;SISTEMA DE GESTION;Segoe UI Black;0.327005,0.001926,0.453615,6.283185;v1,4292476962,4278190080,128.000000,1.000000,0.000000,1.000000,400,0,49152;;
backuphash=18860
textactive=1
[header_fundacion_mi_casa_base.jpg]
backuphash=39807
text=3;134;7;SISTEMA;Yu Gothic UI;0.604687,0.043108,0.257895,6.283185;v1,4292476962,4278190080,128.000000,1.000000,0.000000,1.000000,400,0,49152;;129;2;DE;Yu Gothic UI;0.759190,0.078838,0.215210,6.283185;v1,4292476962,4278190080,128.000000,1.000000,0.000000,1.000000,400,0,49152;;134;7;GESTION;Yu Gothic UI;0.489493,0.223774,0.571424,6.283185;v1,4292476962,4278190080,128.000000,1.000000,0.000000,1.000000,400,0,49152;;
textactive=1
[header_gestion_femase.jpg]
text=1;152;18;SISTEMA DE GESTION;Microsoft YaHei UI;0.037810,0.214314,0.464045,6.283185;v1,4292476962,4278190080,128.000000,1.000000,0.000000,1.000000,400,0,49152;;
backuphash=33971
textactive=1
